Land;Auslandsvertretung;Ehegattennachzug;Kindernachzug;Sonst_Familiennachzug;Studium;Sprachkurs_Schulbesuch;Erwerbstätigkeit;JüdischeZuwanderung;Spätaussiedler;HumanitäreAufnahmeResettlement;SonstigeAufenthaltszwecke;Gesamt
Afghanistan;Kabul;356;400;81;34;17;6;0;0;0;13;907
Ägypten;Kairo;1097;801;113;2394;46;1057;0;0;1107;101;6716
Albanien;Tirana;1343;1181;43;498;243;4914;0;0;0;38;8260
Algerien;Algier;300;55;34;33;145;155;0;0;0;85;807
Angola;Luanda;8;8;5;5;4;13;0;0;0;16;59
Argentinien;Buenos Aires;125;29;22;300;43;1183;0;0;0;15;1717
Armenien;Eriwan;175;84;1;184;38;209;4;5;0;66;766
Aserbaidschan;Baku;261;188;10;396;41;307;21;18;0;38;1280
"Äthiopien";Addis Abeba;304;524;8;198;2;27;0;0;361;163;1587
Australien;Canberra;0;0;0;0;0;1;0;0;0;23;24
Australien;Sydney;70;24;7;86;16;557;0;0;1;12;773
Bahrain;Manama;31;25;2;61;6;30;0;0;0;2;157
Bangladesch;Dhaka;304;107;4;1401;1;85;0;0;0;30;1932
Belgien;Brüssel;54;18;0;68;3;241;0;0;0;9;393
Benin;Cotonou;18;14;2;19;3;36;0;0;0;14;106
Bolivien;La Paz;56;3;13;110;136;99;0;0;0;42;459
Bosnien und Herzegowina;Sarajewo;2604;2362;33;187;65;11939;0;0;1;63;17254
Botsuana;Gaborone;1;0;4;11;5;6;0;0;0;12;39
Brasilien;Porto Alegre;87;26;0;21;8;403;0;0;0;3;548
Brasilien;Recife;17;8;1;14;10;218;0;0;0;7;275
Brasilien;Rio de Janeiro;52;14;0;31;11;591;0;0;0;5;704
Brasilien;São Paulo;138;44;0;50;28;1300;0;0;0;61;1621
Bulgarien;Sofia;29;0;2;10;4;113;0;0;0;21;179
Burkina Faso;Ouagadougou;22;10;5;29;2;43;0;0;12;25;148
Chile;Santiago de Chile;164;40;15;341;87;696;0;0;0;66;1409
China;Chengdu;115;32;7;1076;42;317;0;0;0;14;1603
China;Hongkong;78;17;45;457;67;262;0;0;0;7;933
China;Kanton;240;158;33;1203;86;707;0;0;0;46;2473
China;Peking;549;360;16;5334;137;1855;0;0;0;262;8513
China;Shanghai;557;317;51;3816;295;1689;0;0;0;47;6772
China;Shenyang;130;62;15;952;52;453;0;0;0;15;1679
Costa Rica;San José;54;23;16;127;59;113;0;0;0;12;404
Côte d'Ivoire;Abidjan;41;39;11;34;1;92;0;0;0;13;231
Dänemark;Kopenhagen;44;29;1;32;2;162;0;0;0;1;271
Dominikanische Republik;Santo Domingo;149;88;60;20;13;34;0;0;0;18;382
Ecuador;Quito;83;20;12;263;148;200;0;0;0;23;749
El Salvador;San Salvador;0;0;1;1;1;40;0;0;0;6;49
Estland;Tallinn;17;11;0;19;0;237;0;0;0;0;284
Finnland;Helsinki;15;5;1;31;0;80;0;0;0;4;136
Frankreich;Paris;101;19;18;103;10;591;0;0;0;11;853
Georgien;Tiflis;212;63;18;330;60;1084;3;6;0;59;1835
Ghana;Accra;211;156;54;408;9;86;0;0;0;112;1036
Griechenland;Athen;133;135;10;9;0;341;0;0;0;120;748
Großbritannien;Edinburgh;8;1;1;22;1;33;0;0;0;19;85
Großbritannien;London;191;37;63;93;6;651;0;0;0;70;1111
Guatemala;Guatemala-Stadt;23;3;5;32;24;53;0;0;0;1;141
Guinea;Conakry;49;62;13;96;1;19;0;0;0;7;247
Honduras;Tegucigalpa;1;2;0;6;0;33;0;0;0;8;50
Indien;Bangalore;1860;1139;4;2510;110;5028;1;0;0;83;10735
Indien;Chennai;1760;1203;2;2004;115;2942;0;0;0;1;8027
Indien;Kalkutta;263;102;0;400;8;506;0;0;0;5;1284
Indien;Mumbai;1331;577;94;3130;57;2651;0;0;0;19;7859
Indien;New Delhi;1524;487;204;2949;100;1631;0;0;0;196;7091
Indonesien;Jakarta;267;59;56;1077;49;2603;0;0;0;140;4251
Irak;Bagdad;20;10;13;31;8;62;0;0;0;41;185
Irak;Erbil;1854;2284;663;93;84;49;0;0;105;93;5225
Iran;Teheran;1574;541;40;1489;18;1482;0;0;0;208;5352
Irland;Dublin;15;2;1;16;2;85;0;0;0;6;127
Island;Reykjavik;2;0;0;0;0;2;0;0;0;0;4
Israel;Tel Aviv;54;31;5;122;5;351;0;0;0;19;587
Italien;Rom;122;34;19;161;8;378;0;0;0;61;783
Jamaika;Kingston;27;7;9;10;5;7;0;0;0;1;66
Japan;Osaka-Kobe;22;2;8;31;4;298;0;0;0;51;416
Japan;Tokyo;50;27;12;44;5;633;0;0;0;72;843
Jordanien;Amman;642;813;123;948;112;336;0;0;359;95;3428
Kambodscha;Phnom Penh;33;8;4;10;5;13;0;0;0;13;86
Kamerun;Jaunde;212;148;14;1528;7;258;0;0;0;18;2185
Kanada;Toronto;56;9;6;112;4;821;0;0;0;57;1065
Kasachstan;Almaty;147;87;12;228;62;107;0;433;2;34;1112
Kasachstan;Nur-Sultan;292;109;46;175;46;219;7;2074;0;119;3087
Katar;Doha;39;10;13;105;17;36;0;0;0;60;280
Kenia;Nairobi;314;286;99;227;10;159;0;0;0;134;1229
Kirgisistan;Bischkek;72;24;12;78;20;587;0;125;0;36;954
Kolumbien;Bogotá;312;64;37;1018;597;1344;0;0;0;37;3409
Kongo;Kinshasa;34;27;1;21;0;18;0;0;0;6;107
Korea;Seoul;100;62;33;262;8;2381;0;0;0;122;2968
Korea, DVR;Pjöngjang;0;0;0;0;0;3;0;0;0;2;5
Kosovo;Pristina;4680;3907;79;207;31;5772;0;0;0;299;14975
Kroatien;Zagreb;12;3;0;0;0;1060;0;0;0;19;1094
Kuba;Havanna;226;45;28;35;17;159;0;0;0;75;585
Kuwait;Kuwait;41;27;2;59;3;56;0;0;0;31;219
Laos;Vientiane;23;4;5;4;4;7;0;0;0;5;52
Lettland;Riga;30;9;2;14;5;521;0;0;0;9;590
Libanon;Beirut;4678;6705;1316;315;135;312;0;0;1113;809;15383
Litauen;Wilna;5;2;0;11;6;692;0;0;0;1;717
Luxemburg;Luxemburg;5;3;0;6;0;26;0;0;0;28;68
Malaysia;Kuala Lumpur;118;63;19;399;11;293;0;0;0;14;917
Mali;Bamako;6;3;2;1;3;31;0;0;0;12;58
Malta;Valletta;7;8;0;4;1;90;0;0;1;0;111
Marokko;Rabat;1681;133;34;1138;69;506;0;0;0;165;3726
Mauretanien;Nouakchott;9;5;0;27;12;4;0;0;0;7;64
Mexiko;Mexiko-Stadt;479;83;111;1590;844;1212;0;0;0;232;4551
Moldau;Chisinau;80;30;2;30;12;103;6;48;0;34;345
Mongolei;Ulan Bator;38;45;14;113;28;323;0;0;0;20;581
Montenegro;Podgorica;231;171;13;46;9;1661;0;0;0;17;2148
Mosambik;Maputo;18;13;4;8;3;10;0;0;0;18;74
Myanmar;Rangun;27;6;2;51;7;29;0;0;0;12;134
Namibia;Windhuk;34;5;9;24;6;63;0;0;0;19;160
Nepal;Kathmandu;100;30;9;501;13;260;0;0;0;13;926
Neuseeland;Wellington;13;7;5;12;7;188;0;0;0;9;241
Nicaragua;Managua;25;4;0;36;16;40;0;0;0;7;128
Niederlande;Amsterdam;94;32;0;44;4;538;2;0;0;5;719
Nigeria;Abuja;0;0;0;24;0;0;0;0;0;28;52
Nigeria;Lagos;317;162;15;1260;13;221;0;0;0;45;2033
Nordmazedonien;Skopje;1327;980;30;92;25;6937;0;0;0;54;9445
Norwegen;Oslo;18;7;0;23;1;55;0;0;0;2;106
Oman;Maskat;103;113;5;175;11;39;0;0;0;3;449
"Österreich";Wien;88;26;10;64;5;655;0;1;0;2;851
Pakistan;Islamabad;731;585;50;655;18;264;0;0;0;53;2356
Pakistan;Karachi;218;67;14;660;8;99;0;0;0;9;1075
Palästinensische Gebiete;Ramallah;145;54;13;217;49;37;0;0;0;33;548
Panama;Panama;19;11;9;14;22;21;0;0;0;1;97
Paraguay;Asunción;30;3;2;75;67;79;0;0;0;5;261
Peru;Lima;134;33;52;380;144;277;0;0;0;33;1053
Philippinen;Manila;647;188;147;77;25;2531;0;0;0;17;3632
Polen;Warschau;174;42;28;156;9;1545;0;0;0;14;1968
Portugal;Lissabon;8;4;0;25;1;112;0;0;0;9;159
Ruanda;Kigali;22;18;11;48;10;44;0;0;0;1;154
Rumänien;Bukarest;10;3;3;12;145;61;0;0;0;9;243
Russische Föderation;Jekaterinburg;257;83;33;202;28;221;0;566;0;12;1402
Russische Föderation;Kaliningrad;129;41;17;64;8;56;5;388;0;9;717
Russische Föderation;Moskau;1534;684;139;1590;176;1989;281;973;0;938;8304
Russische Föderation;Nowosibirsk;380;122;51;186;30;263;17;1163;0;26;2238
Russische Föderation;St Petersburg;478;169;60;630;47;711;0;144;0;68;2307
Sambia;Lusaka;35;7;4;23;3;32;0;0;0;4;108
Saudi-Arabien;Djidda;58;39;5;89;32;42;0;0;0;32;297
Saudi-Arabien;Riad;212;181;36;143;41;79;0;0;0;63;755
Schweden;Stockholm;38;19;2;27;2;167;0;0;0;2;257
Schweiz;Bern;104;21;4;49;7;434;0;0;0;6;625
Senegal;Dakar;204;143;37;28;11;177;0;0;0;52;652
Serbien;Belgrad;1187;1145;28;330;67;10624;0;0;0;86;13467
Simbabwe;Harare;20;12;2;48;25;306;0;0;0;15;428
Singapur;Singapur;196;90;11;393;25;338;0;0;0;185;1238
Slowakei;Pressburg;10;1;0;7;1;187;0;0;0;0;206
Slowenien;Laibach;23;13;1;0;0;747;0;0;0;0;784
Spanien;Madrid;86;21;17;84;23;297;0;0;0;14;542
Sri Lanka;Colombo;252;48;7;147;10;67;0;1;0;18;550
Südafrika;Kapstadt;130;40;15;77;10;227;0;0;0;11;510
Südafrika;Pretoria;202;49;51;231;51;323;0;0;0;43;950
Sudan;Khartum;212;152;17;64;18;41;0;1;0;19;524
Tadschikistan;Duschanbe;29;29;1;34;27;584;0;1;0;24;729
Taiwan;Taipei;130;41;33;1514;81;495;0;0;0;32;2326
Tansania;Daressalam;68;27;13;63;25;563;0;0;0;32;791
Thailand;Bangkok;1428;353;195;376;290;345;0;0;0;714;3701
Togo;Lomé;115;65;20;35;2;170;0;0;0;37;444
Trinidad und Tobago;Port-of-Spain;14;6;4;19;9;14;0;0;0;0;66
Tschechische Republik;Prag;64;44;9;37;3;331;0;0;0;4;492
Tunesien;Tunis;1099;48;99;942;62;877;0;0;0;158;3285
Türkei;Ankara;3662;1032;501;906;65;2569;0;0;9;1563;10307
Türkei;Istanbul;3555;2752;1117;2612;193;1901;0;0;2850;923;15903
Türkei;Izmir;1064;241;210;712;44;365;0;0;0;342;2978
Turkmenistan;Aschgabat;16;8;14;24;9;33;0;23;0;15;142
Uganda;Kampala;92;62;10;57;12;130;0;0;0;4;367
Ukraine;Kiew;1720;675;97;1315;170;2920;425;610;0;377;8309
Ungarn;Budapest;29;13;1;44;28;190;0;0;0;5;310
Uruguay;Montevideo;17;10;1;18;10;186;0;0;0;8;250
USA;Atlanta;26;10;1;21;7;145;0;0;0;14;224
USA;Boston;21;12;3;48;2;177;0;0;0;3;266
USA;Chicago;48;26;4;68;6;252;0;0;0;76;480
USA;Houston;31;23;2;26;2;144;0;0;0;3;231
USA;Los Angeles;28;12;1;45;3;135;0;0;0;53;277
USA;Miami;23;9;4;28;2;68;1;0;0;4;139
USA;New York;46;10;3;95;4;242;0;0;1;42;443
USA;San Francisco;52;20;1;35;6;163;0;0;0;16;293
USA;Washington;22;6;0;18;3;85;0;0;0;600;734
Usbekistan;Taschkent;75;67;7;224;35;424;8;60;0;49;949
VAE;Abu Dhabi;1;0;0;0;0;0;0;0;0;0;1
VAE;Dubai;393;230;56;486;63;510;0;0;0;60;1798
Venezuela;Caracas;88;27;2;73;37;125;0;0;0;39;391
Vietnam;Hanoi;395;355;30;682;60;1703;0;0;0;82;3307
Vietnam;Ho-Chi-Minh-Stad;312;95;18;514;32;634;0;0;0;46;1651
Weißrussland;Minsk;378;205;36;231;45;390;35;126;0;166;1612
Zypern;Nikosia;14;2;1;4;8;14;0;0;0;33;76
Gesamt;Weltweit;61068;38990;7462;64074;7203;119496;816;6766;5922;12839;324636