Land;Auslandsvertretung;Ehegattennachzug;Kindernachzug;Sonst_Familiennachzug;Studium;Sprachkurs_Schulbesuch;Erwerbstätigkeit;JüdischeZuwanderung;Spätaussiedler;HumanitäreAufnahmeResettlement;SonstigeAufenthaltszwecke;Gesamt
Ägypten;Kairo;1413;695;79;2601;11;2022;0;0;10;929;7760
Albanien;Tirana;2582;1800;41;620;112;6526;0;0;35;37;11753
Algerien;Algier;352;69;36;182;201;374;0;0;0;66;1280
Angola;Luanda;4;3;6;17;9;13;0;0;0;63;115
Argentinien;Buenos Aires;217;76;29;278;56;1221;0;0;0;10;1887
Armenien;Eriwan;259;100;6;228;32;331;0;21;38;60;1075
Aserbaidschan;Baku;254;179;13;551;29;905;1;16;1;52;2001
"Äthiopien";Addis Abeba;805;1520;29;162;5;81;0;0;0;103;2705
Australien;Canberra;0;0;0;0;0;0;0;0;0;21;21
Australien;Sydney;55;17;12;39;12;419;0;0;0;9;563
Bahrain;Manama;25;20;15;66;4;104;0;0;0;2;236
Bangladesch;Dhaka;373;83;1;1136;0;131;0;0;0;17;1741
Belarus;Minsk;493;355;24;216;55;788;31;102;125;122;2311
Belgien;Brüssel;64;22;3;51;0;230;0;0;0;4;374
Benin;Cotonou;24;18;12;53;1;98;0;0;0;9;215
Bolivien;La Paz;43;12;10;106;55;108;0;0;0;6;340
Bosnien und Herzegowina;Sarajewo;2485;2034;26;153;42;10524;0;0;0;36;15300
Botsuana;Gaborone;8;5;4;15;2;13;0;0;0;3;50
Brasilien;Porto Alegre;2;0;0;14;0;423;0;0;0;2;441
Brasilien;Recife;1;0;0;1;1;332;0;0;0;18;353
Brasilien;Rio de Janeiro;7;2;3;15;3;570;0;0;0;11;611
Brasilien;São Paulo;29;8;2;25;2;1433;0;0;0;7;1506
Bulgarien;Sofia;28;2;0;11;8;384;0;0;0;9;442
Burkina Faso;Ouagadougou;41;20;2;47;3;70;0;0;104;13;300
Chile;Santiago de Chile;200;46;7;387;96;526;0;0;3;58;1323
VR China;Chengdu;86;34;7;763;32;268;0;0;0;18;1208
VR China;Hongkong;78;34;5;294;35;138;0;0;0;40;624
VR China;Kanton;144;63;20;835;47;971;0;0;0;1;2081
VR China;Peking;288;131;28;2194;65;999;0;0;0;95;3800
VR China;Shanghai;276;112;44;2464;118;725;0;0;0;12;3751
VR China;Shenyang;69;39;12;527;30;335;0;0;0;6;1018
Costa Rica;San José;58;10;7;117;47;142;0;0;0;8;389
Côte d’Ivoire;Abidjan;73;65;7;53;2;129;0;0;0;11;340
Dänemark;Kopenhagen;52;15;4;28;0;201;0;0;0;0;300
Dominikanische Republik;Santo Domingo;128;78;35;29;21;49;0;0;4;26;370
Ecuador;Quito;75;13;26;345;181;255;0;0;0;32;927
El Salvador;San Salvador;0;0;0;2;0;52;0;0;0;11;65
Estland;Tallinn;33;21;2;10;0;173;0;0;0;0;239
Finnland;Helsinki;17;17;3;26;0;96;0;0;0;3;162
Frankreich;Paris;114;32;15;120;20;644;0;0;4;5;954
Georgien;Tiflis;237;106;14;422;51;906;5;15;62;163;1981
Ghana;Accra;281;222;60;725;24;200;0;0;0;128;1640
Griechenland;Athen;111;67;22;7;2;87;0;0;28;98;422
Großbritannien;Edinburgh;36;11;8;60;5;280;1;0;0;0;401
Großbritannien;London;220;72;44;208;18;1960;0;2;1;68;2593
Guatemala;Guatemala-Stadt;26;1;5;44;25;43;0;0;0;15;159
Guinea;Conakry;59;47;4;68;1;23;0;0;0;24;226
Honduras;Tegucigalpa;2;0;1;4;0;46;0;0;0;1;54
Indien;Bangalore;3164;2184;3;5521;79;8613;0;0;0;7;19571
Indien;Chennai;1844;1239;2;2038;61;2483;0;0;0;1;7668
Indien;Kalkutta;397;169;1;909;0;836;0;0;0;6;2318
Indien;Mumbai;1946;774;137;5731;44;3013;0;0;2;19;11666
Indien;New Delhi;1579;683;175;3069;16;2434;0;0;18;309;8283
Indonesien;Jakarta;277;64;29;1119;26;3587;0;0;0;82;5184
Irak;Bagdad;254;69;11;46;21;70;0;0;0;102;573
Irak;Erbil;1760;1579;226;176;47;65;0;1;341;117;4312
Iran;Teheran;4161;1477;55;3736;69;2666;0;0;4391;526;17081
Irland;Dublin;30;9;0;18;9;611;0;0;0;2;679
Island;Reykjavik;0;0;0;2;0;2;0;0;0;0;4
Israel;Tel Aviv;68;62;3;162;3;301;0;0;5;18;622
Italien;Rom;102;26;8;136;5;551;0;0;9;5;842
Jamaika;Kingston;10;5;3;13;3;9;0;0;0;1;44
Japan;Osaka-Kobe;31;22;0;38;2;319;0;0;0;82;494
Japan;Tokyo;114;86;0;72;3;620;0;0;0;27;922
Jordanien;Amman;510;323;84;1225;43;1384;0;0;701;96;4366
Kambodscha;Phnom Penh;23;7;5;26;1;20;0;0;0;2;84
Kamerun;Jaunde;152;140;11;800;2;418;0;0;0;39;1562
Kanada;Toronto;71;15;1;69;5;655;0;0;0;4;820
Kasachstan;Almaty;143;58;12;413;47;215;0;597;20;12;1517
Kasachstan;Astana;225;107;31;245;15;216;7;1883;21;65;2815
Katar;Doha;62;30;3;164;11;102;0;0;9;20;401
Kenia;Nairobi;323;866;89;326;16;317;0;0;570;197;2704
Kirgisistan;Bischkek;69;28;14;97;25;1193;5;139;4;101;1675
Kolumbien;Bogotá;290;98;21;796;514;1378;0;0;0;502;3599
Kongo;Kinshasa;42;24;5;81;8;26;0;0;0;25;211
Korea;Seoul;96;60;52;619;3;1156;0;0;0;145;2131
Kosovo;Pristina;4643;2544;83;223;33;9309;0;0;0;644;17479
Kroatien;Zagreb;22;7;1;3;1;302;0;0;0;24;360
Kuba;Havanna;225;60;33;27;12;127;0;0;0;55;539
Kuwait;Kuwait;35;38;5;83;9;49;0;0;0;48;267
Laos;Vientiane;14;1;4;9;3;14;0;0;0;4;49
Lettland;Riga;31;26;0;35;1;380;0;6;2;1;482
Libanon;Beirut;689;116;119;555;5;375;0;0;0;69;1928
Libanon;Beirut (SYR);4319;3075;526;290;5;523;0;0;1573;1471;11782
Litauen;Wilna;16;7;4;28;2;495;0;0;0;15;567
Luxemburg;Luxemburg;11;5;0;6;1;84;0;0;1;3;111
Malaysia;Kuala Lumpur;164;112;13;546;31;460;0;0;0;84;1410
Mali;Bamako;28;1;7;12;8;47;0;0;0;22;125
Malta;Valletta;16;3;1;6;4;240;0;0;0;0;270
Marokko;Rabat;1548;142;25;1357;59;2671;0;3;1;114;5920
Mauretanien;Nouakchott;8;4;2;24;10;1;0;0;0;0;49
Mexiko;Mexiko-Stadt;526;170;69;1744;404;1609;0;0;0;111;4633
Moldau;Chisinau;100;44;8;40;10;108;9;21;0;25;365
Mongolei;Ulan Bator;25;38;3;133;30;423;0;0;0;42;694
Montenegro;Podgorica;225;190;12;37;11;1148;0;0;13;61;1697
Mosambik;Maputo;17;7;0;28;2;24;0;0;0;2;80
Myanmar;Rangun;29;9;2;111;8;619;0;0;0;5;783
Namibia;Windhuk;19;7;2;55;4;142;0;0;0;43;272
Nepal;Kathmandu;164;28;1;437;1;160;0;0;0;33;824
Neuseeland;Wellington;15;1;2;9;2;118;0;0;0;3;150
Nicaragua;Managua;22;5;3;25;15;24;0;0;0;0;94
Niederlande;Amsterdam;102;25;9;58;4;521;0;0;4;7;730
Nigeria;Abuja;3;1;2;24;27;11;0;0;0;45;113
Nigeria;Lagos;368;239;19;512;4;356;0;0;0;19;1517
Nordmazedonien;Skopje;1800;1634;30;67;10;5796;0;0;8;71;9416
Norwegen;Oslo;16;5;0;22;0;68;0;0;0;1;112
Oman;Maskat;145;46;6;177;6;73;0;0;20;12;485
"Österreich";Wien;104;27;8;80;1;604;0;0;0;16;840
Pakistan;Islamabad;898;563;19;1009;22;586;0;0;15145;99;18341
Pakistan;Islamabad (AFG);417;403;67;139;64;48;0;0;1;26;1165
Pakistan;Karachi;1060;379;25;791;1;272;0;0;0;8;2536
Palästinensische Gebiete;Ramallah;175;53;4;213;70;30;0;0;0;59;604
Panama;Panama;26;9;2;29;16;28;0;0;0;3;113
Paraguay;Asuncion;30;7;6;85;41;153;0;0;0;24;346
Peru;Lima;118;46;49;449;173;343;0;0;0;63;1241
Philippinen;Manila;674;297;171;186;74;4714;0;0;0;29;6145
Polen;Warschau;136;66;21;128;13;481;1;0;1;10;857
Portugal;Lissabon;26;12;7;16;2;242;0;0;2;25;332
Ruanda;Kigali;51;15;5;76;7;132;0;0;0;7;293
Rumänien;Bukarest;15;9;3;14;89;51;0;0;1;8;190
Russische Föderation;Jekaterinburg;241;112;19;155;32;265;0;392;5;8;1229
Russische Föderation;Kaliningrad;86;39;13;34;7;89;0;250;1;21;540
Russische Föderation;Moskau;3291;2111;104;1308;138;4739;142;1233;193;232;13491
Russische Föderation;Nowosibirsk;280;114;28;123;26;241;16;995;4;18;1845
Russische Föderation;St Petersburg;1083;633;33;586;83;1641;0;254;69;105;4487
Sambia;Lusaka;29;11;8;27;0;43;0;0;0;42;160
Saudi-Arabien;Djidda;41;25;6;75;33;55;0;0;0;19;254
Saudi-Arabien;Riad;154;137;6;163;26;81;0;0;0;142;709
Schweden;Stockholm;52;34;1;19;0;195;0;0;0;1;302
Schweiz;Bern;117;59;2;51;3;699;0;0;0;16;947
Senegal;Dakar;132;71;26;57;5;134;0;0;0;80;505
Serbien;Belgrad;1892;1672;102;181;31;11791;0;0;17;77;15763
Simbabwe;Harare;17;24;0;89;6;249;0;0;0;30;415
Singapur;Singapur;267;114;7;340;14;476;0;0;0;183;1401
Slowakei;Pressburg;35;6;3;6;0;84;0;0;6;3;143
Slowenien;Laibach;24;7;1;8;0;35;0;0;0;0;75
Spanien;Madrid;81;14;12;82;10;316;0;0;17;4;536
Sri Lanka;Colombo;315;64;2;257;5;198;0;0;1;13;855
Südafrika;Kapstadt;135;73;25;73;14;247;1;0;1;75;644
Südafrika;Pretoria;240;66;77;184;27;446;0;0;0;45;1085
Sudan;Khartum;263;85;21;72;25;45;0;0;0;29;540
Tadschikistan;Duschanbe;90;45;1;52;19;707;0;2;22;41;979
Taiwan;Taipei;123;37;23;1130;55;397;0;0;0;22;1787
Tansania;Daressalam;82;28;20;90;21;659;0;0;0;22;922
Thailand;Bangkok;1030;287;103;503;294;670;0;0;0;537;3424
Togo;Lome;95;30;13;54;7;219;0;0;0;33;451
Trinidad und Tobago;Port of Spain;8;0;4;16;1;9;0;0;0;2;40
Tschechische Republik;Prag;75;39;8;39;7;216;0;4;6;4;398
Tunesien;Tunis;1122;154;214;1416;304;2706;0;0;0;221;6137
Türkei;Ankara;3265;1056;505;1756;211;6410;0;0;67;577;13847
Türkei;Istanbul;4232;2708;674;4434;450;4735;9;17;3093;1276;21628
Türkei;Izmir;1281;296;176;986;86;1397;0;5;15;241;4483
Turkmenistan;Aschgabat;13;17;2;14;1;10;0;10;0;5;72
Uganda;Kampala;107;113;12;121;15;398;0;0;1;19;786
Ukraine;Kiew;198;71;4;89;12;387;23;31;5;8;828
Ungarn;Budapest;55;32;0;82;30;257;0;0;0;2;458
Uruguay;Montevideo;19;3;0;23;4;95;0;0;0;6;150
USA;Atlanta;29;9;2;20;1;194;0;0;0;0;255
USA;Boston;37;19;1;55;1;168;0;0;0;7;288
USA;Chicago;61;19;3;49;0;238;0;0;0;56;426
USA;Houston;30;21;2;27;1;169;0;0;0;6;256
USA;Los Angeles;46;11;2;39;3;211;0;0;0;38;350
USA;Miami;17;9;0;12;2;58;0;0;0;3;101
USA;New York;61;14;7;57;1;270;0;0;0;11;421
USA;San Francisco;69;31;1;15;3;291;0;0;1;6;417
USA;Washington;35;17;0;23;3;115;0;0;0;577;770
Usbekistan;Taschkent;150;88;1;317;36;502;3;14;29;28;1168
VAE;Dubai;467;252;36;591;36;794;0;0;69;58;2303
Venezuela;Caracas;61;6;6;68;44;147;0;0;0;42;374
Vietnam;Hanoi;233;479;42;616;41;3286;0;0;0;71;4768
Vietnam;Ho-Chi-Minh-Stadt;204;94;31;552;41;909;0;0;0;21;1852
Zypern;Nikosia;14;10;2;18;6;74;0;0;3;30;157
Gesamt;weltweit;71129;40422;5483;71018;6057;152336;254;6013;26903;13468;393083